1 10 100
1 10 250
1 10 500
1 50 100
1 50 250
1 50 500
1 250 100
1 250 250
1 250 500
2 10 100
2 10 250
2 10 500
2 50 100
2 50 250
2 50 500
2 250 100
2 250 250
2 250 500
3 10 100
3 10 250
3 10 500
3 50 100
3 50 250
3 50 500
3 250 100
3 250 250
3 250 500
4 10 100
4 10 250
4 10 500
4 50 100
4 50 250
4 50 500
4 250 100
4 250 250
4 250 500
5 10 100
5 10 250
5 10 500
5 50 100
5 50 250
5 50 500
5 250 100
5 250 250
5 250 500
6 10 100
6 10 250
6 10 500
6 50 100
6 50 250
6 50 500
6 250 100
6 250 250
6 250 500
7 10 100
7 10 250
7 10 500
7 50 100
7 50 250
7 50 500
7 250 100
7 250 250
7 250 500
8 10 100
8 10 250
8 10 500
8 50 100
8 50 250
8 50 500
8 250 100
8 250 250
8 250 500
9 10 100
9 10 250
9 10 500
9 50 100
9 50 250
9 50 500
9 250 100
9 250 250
9 250 500
10 10 100
10 10 250
10 10 500
10 50 100
10 50 250
10 50 500
10 250 100
10 250 250
10 250 500
