1 5
1 10
1 15
1 20
1 25
1 30
1 35
1 40
1 45
1 50
1 55
1 60
1 65
1 70
1 75
1 80
1 85
1 90
1 95
1 100
1 105
1 110
1 115
1 120
1 125
1 130
1 135
1 140
1 145
1 150
1 155
1 160
1 165
1 170
1 175
1 180
1 185
1 190
1 195
1 200
1 205
1 210
1 215
1 220
1 225
1 230
1 235
1 240
1 245
1 250
2 5
2 10
2 15
2 20
2 25
2 30
2 35
2 40
2 45
2 50
2 55
2 60
2 65
2 70
2 75
2 80
2 85
2 90
2 95
2 100
2 105
2 110
2 115
2 120
2 125
2 130
2 135
2 140
2 145
2 150
2 155
2 160
2 165
2 170
2 175
2 180
2 185
2 190
2 195
2 200
2 205
2 210
2 215
2 220
2 225
2 230
2 235
2 240
2 245
2 250
3 5
3 10
3 15
3 20
3 25
3 30
3 35
3 40
3 45
3 50
3 55
3 60
3 65
3 70
3 75
3 80
3 85
3 90
3 95
3 100
3 105
3 110
3 115
3 120
3 125
3 130
3 135
3 140
3 145
3 150
3 155
3 160
3 165
3 170
3 175
3 180
3 185
3 190
3 195
3 200
3 205
3 210
3 215
3 220
3 225
3 230
3 235
3 240
3 245
3 250
4 5
4 10
4 15
4 20
4 25
4 30
4 35
4 40
4 45
4 50
4 55
4 60
4 65
4 70
4 75
4 80
4 85
4 90
4 95
4 100
4 105
4 110
4 115
4 120
4 125
4 130
4 135
4 140
4 145
4 150
4 155
4 160
4 165
4 170
4 175
4 180
4 185
4 190
4 195
4 200
4 205
4 210
4 215
4 220
4 225
4 230
4 235
4 240
4 245
4 250
5 5
5 10
5 15
5 20
5 25
5 30
5 35
5 40
5 45
5 50
5 55
5 60
5 65
5 70
5 75
5 80
5 85
5 90
5 95
5 100
5 105
5 110
5 115
5 120
5 125
5 130
5 135
5 140
5 145
5 150
5 155
5 160
5 165
5 170
5 175
5 180
5 185
5 190
5 195
5 200
5 205
5 210
5 215
5 220
5 225
5 230
5 235
5 240
5 245
5 250
6 5
6 10
6 15
6 20
6 25
6 30
6 35
6 40
6 45
6 50
6 55
6 60
6 65
6 70
6 75
6 80
6 85
6 90
6 95
6 100
6 105
6 110
6 115
6 120
6 125
6 130
6 135
6 140
6 145
6 150
6 155
6 160
6 165
6 170
6 175
6 180
6 185
6 190
6 195
6 200
6 205
6 210
6 215
6 220
6 225
6 230
6 235
6 240
6 245
6 250
7 5
7 10
7 15
7 20
7 25
7 30
7 35
7 40
7 45
7 50
7 55
7 60
7 65
7 70
7 75
7 80
7 85
7 90
7 95
7 100
7 105
7 110
7 115
7 120
7 125
7 130
7 135
7 140
7 145
7 150
7 155
7 160
7 165
7 170
7 175
7 180
7 185
7 190
7 195
7 200
7 205
7 210
7 215
7 220
7 225
7 230
7 235
7 240
7 245
7 250
8 5
8 10
8 15
8 20
8 25
8 30
8 35
8 40
8 45
8 50
8 55
8 60
8 65
8 70
8 75
8 80
8 85
8 90
8 95
8 100
8 105
8 110
8 115
8 120
8 125
8 130
8 135
8 140
8 145
8 150
8 155
8 160
8 165
8 170
8 175
8 180
8 185
8 190
8 195
8 200
8 205
8 210
8 215
8 220
8 225
8 230
8 235
8 240
8 245
8 250
9 5
9 10
9 15
9 20
9 25
9 30
9 35
9 40
9 45
9 50
9 55
9 60
9 65
9 70
9 75
9 80
9 85
9 90
9 95
9 100
9 105
9 110
9 115
9 120
9 125
9 130
9 135
9 140
9 145
9 150
9 155
9 160
9 165
9 170
9 175
9 180
9 185
9 190
9 195
9 200
9 205
9 210
9 215
9 220
9 225
9 230
9 235
9 240
9 245
9 250
10 5
10 10
10 15
10 20
10 25
10 30
10 35
10 40
10 45
10 50
10 55
10 60
10 65
10 70
10 75
10 80
10 85
10 90
10 95
10 100
10 105
10 110
10 115
10 120
10 125
10 130
10 135
10 140
10 145
10 150
10 155
10 160
10 165
10 170
10 175
10 180
10 185
10 190
10 195
10 200
10 205
10 210
10 215
10 220
10 225
10 230
10 235
10 240
10 245
10 250
