100 1
100 2
100 3
100 4
100 5
100 6
100 7
100 8
100 9
100 10
100 11
100 12
100 13
100 14
100 15
100 16
100 17
100 18
100 19
100 20
100 21
100 22
100 23
100 24
100 25
250 1
250 2
250 3
250 4
250 5
250 6
250 7
250 8
250 9
250 10
250 11
250 12
250 13
250 14
250 15
250 16
250 17
250 18
250 19
250 20
250 21
250 22
250 23
250 24
250 25
500 1
500 2
500 3
500 4
500 5
500 6
500 7
500 8
500 9
500 10
500 11
500 12
500 13
500 14
500 15
500 16
500 17
500 18
500 19
500 20
500 21
500 22
500 23
500 24
500 25
1000 1
1000 2
1000 3
1000 4
1000 5
1000 6
1000 7
1000 8
1000 9
1000 10
1000 11
1000 12
1000 13
1000 14
1000 15
1000 16
1000 17
1000 18
1000 19
1000 20
1000 21
1000 22
1000 23
1000 24
1000 25
2500 1
2500 2
2500 3
2500 4
2500 5
2500 6
2500 7
2500 8
2500 9
2500 10
2500 11
2500 12
2500 13
2500 14
2500 15
2500 16
2500 17
2500 18
2500 19
2500 20
2500 21
2500 22
2500 23
2500 24
2500 25
5000 1
5000 2
5000 3
5000 4
5000 5
5000 6
5000 7
5000 8
5000 9
5000 10
5000 11
5000 12
5000 13
5000 14
5000 15
5000 16
5000 17
5000 18
5000 19
5000 20
5000 21
5000 22
5000 23
5000 24
5000 25
10000 1
10000 2
10000 3
10000 4
10000 5
10000 6
10000 7
10000 8
10000 9
10000 10
10000 11
10000 12
10000 13
10000 14
10000 15
10000 16
10000 17
10000 18
10000 19
10000 20
10000 21
10000 22
10000 23
10000 24
10000 25
